101 1 1 4802.45 2025-03-01
102 26 2 2839.34 2025-04-10
103 3 2 500.00 2025-03-03
104 4 5 100.25 2025-03-04
105 5 4 80.00 2025-03-05
106 1 3 200.00 2025-03-06
107 2 1 1350.00 2025-03-07
108 3 2 450.75 2025-03-08
109 4 5 90.50 2025-03-09
110 5 4 120.00 2025-03-10
111 6 1 1100.00 2025-03-01
113 8 2 505.50 2025-03-03
114 9 5 150.20 2025-03-04
115 10 4 95.60 2025-03-05
116 6 3 310.00 2025-03-06
117 7 1 1450.00 2025-03-07
118 8 2 425.20 2025-03-08
119 9 5 75.90 2025-03-09
120 10 4 110.00 2025-03-10
121 11 2 1300.25 2025-03-01
122 12 3 290.50 2025-03-02
123 13 2 480.75 2025-03-03
124 14 5 120.10 2025-03-04
125 15 4 85.40 2025-03-05
126 11 3 330.00 2025-03-06
127 12 1 1550.00 2025-03-07
128 13 2 410.30 2025-03-08
129 14 5 95.70 2025-03-09
131 16 1 1250.75 2025-03-01
132 17 3 260.80 2025-03-02
133 18 2 470.60 2025-03-03
134 19 5 110.45 2025-03-04
135 20 4 99.30 2025-03-05
136 16 3 295.00 2025-03-06
138 18 2 395.25 2025-03-08
139 19 5 85.25 2025-03-09
140 20 4 115.50 2025-03-10
141 4 5 3829.45 2025-09-08
142 27 3 3493.40 2025-01-01
146 19 1 87.45 2025-03-09
150 4 2 4890.56 2026-09-08
151 24 2 760.00 2025-02-03
152 25 3 5700.45 2021-09-08
153 21 2 8700.56 2025-06-05
154 22 3 560.00 2023-09-08
155 28 2 7382.45 2025-06-02
156 29 3 5600.55 2025-07-08
189 6 1 4783.45 2025-09-08
